modzcta,no highschool,highschool,college,perc
11370,0.18611142544604126,0.5359662027083097,0.277922371845649,0.14614480900000001
10473,0.24147938872479774,0.5782201104404777,0.18030050083472454,0.205640593
10454,0.4141249388354265,0.4997227206002283,0.08615234056434513,0.330786823
10455,0.3660775137443773,0.49686491889681494,0.13705756735880775,0.276181426
10472,0.37372988739331053,0.50228321419179,0.12398689841489946,0.25734367399999997
10451,0.3109048117154812,0.4990062761506276,0.1900889121338912,0.27699734600000003
10453,0.34814014332840404,0.5276039889280704,0.12425586774352558,0.26202828899999997
10460,0.35942533739660426,0.5116891597736177,0.12888550282977798,0.294443988
10452,0.34668835878236665,0.5046749122841406,0.14863672893349275,0.25926102100000004
10456,0.34744012365098687,0.5191016153961893,0.13345826095282387,0.246283534
10459,0.3426429283319743,0.5203406722841352,0.13701639938389054,0.27742763800000003
10465,0.15917908016702698,0.5849794177747505,0.25584150205822254,0.165630596
10462,0.20189425728329938,0.5508632058506174,0.2472425368660832,0.17786365
10474,0.356139826710487,0.5210636390797729,0.12279653420974007,0.28519839399999997
10461,0.19066794181305682,0.5250918608748175,0.28424019731212563,0.175122937
10457,0.35468703570991594,0.5161420006642079,0.12917096362587616,0.276880201
10458,0.32041424217234693,0.5368523136602937,0.1427334441673594,0.20695462899999997
10468,0.3137251395049363,0.5287058234368293,0.15756903705823436,0.193384678
10463,0.17349915285322526,0.40869155123927964,0.41780929590749505,0.14507654
10475,0.1328657540420258,0.5750380260267027,0.2920962199312715,0.215446263
10469,0.199418021602249,0.555427688362076,0.24515429003567496,0.183628278
10471,0.07665323536383029,0.32789760606778856,0.5954491585683811,0.13025774199999998
10467,0.2598818653149055,0.5494995884060483,0.19061854627904626,0.21260102399999997
10466,0.19996636677036914,0.5734633818212393,0.2265702514083915,0.19813085100000002
10470,0.19341711549970078,0.535248354278875,0.2713345302214243,0.18116946899999997
10464,0.11502222222222222,0.5144888888888889,0.37048888888888887,0.170516129
11201,0.05773578662941382,0.19410694263184017,0.748157270738746,0.08814343699999999
11220,0.4382959104842126,0.3357589652852194,0.22594512423056795,0.20873616899999997
11232,0.2953929539295393,0.35085817524841917,0.35374887082204154,0.149993723
11205,0.14766561079741083,0.34570995730615617,0.506624431896433,0.189458868
11217,0.09669811320754718,0.22742587601078168,0.6758760107816711,0.08977157599999999
11209,0.1285224607613206,0.3783330326537976,0.49314450658488185,0.127414856
11231,0.10419515918704876,0.23173563181832638,0.6640692089946248,0.119038263
11219,0.33625966632945253,0.4643610363333962,0.1993792973371513,0.34200734299999996
11215,0.06702366557263777,0.18813266539989634,0.7448436690274659,0.067192024
11228,0.21387654585363242,0.4534771668718882,0.33264628727447937,0.141455928
11238,0.0900572104951667,0.28462221345433025,0.6253205760505031,0.129888354
11214,0.23906088497317518,0.4393857360830831,0.3215533789437417,0.168952369
11218,0.18158754272692745,0.39430307633877704,0.42410938093429545,0.198904175
11225,0.12609240977504452,0.5046730862599126,0.36923450396504287,0.20183276600000002
11204,0.2622808378588053,0.46453064391000776,0.27318851823118695,0.223496833
11216,0.1274875915859135,0.41956984164500116,0.45294256676908534,0.18278350000000002
11206,0.24320893627824322,0.4522721502919523,0.3045189134298045,0.255369232
11221,0.21293654519845426,0.46740582902957856,0.3196576257719672,0.21656761300000002
11213,0.17927300539409066,0.538523468319781,0.2822035262861283,0.23722840399999998
11233,0.18624718619358988,0.5382677671776182,0.2754850466287919,0.24092916
11223,0.21180100850455333,0.46123278392413636,0.3269662075713103,0.167168134
11224,0.18236472945891782,0.4502918881240742,0.3673433824170079,0.271215279
11235,0.1217938989224465,0.40519552790003543,0.4730105731775181,0.190189463
11212,0.20159424450711838,0.638170671980815,0.1602350835120666,0.27061802100000004
11207,0.2216835899115624,0.6054372748116607,0.17287913527677695,0.208103708
11237,0.2909137908750162,0.40121494119167633,0.3078712679333075,0.185992223
11230,0.16669116782312124,0.4191167823121251,0.4141920498647536,0.20301505
11211,0.15930311274603723,0.32520979422922175,0.515487093024741,0.22255027100000002
11222,0.0927659804106743,0.3067375408110952,0.6004964787782305,0.13417395
11226,0.15727016106713898,0.5386948580284496,0.30403498090441133,0.22299447
11210,0.12063421501074313,0.5250944654367637,0.35427131955249314,0.142410078
11229,0.14894859020132223,0.4520586997542864,0.39899271004439135,0.151883831
11234,0.10217418108585755,0.5527927335497924,0.34503308536435,0.134443612
11236,0.1276974729611974,0.5988646265826029,0.2734379004561997,0.151761419
11203,0.1249730692443589,0.6269192651853555,0.24810766557028568,0.220681352
11239,0.18604986309266464,0.6090935293269923,0.204856607580343,0.278966102
11208,0.18993480331111273,0.6634385759285034,0.14662662076038385,0.205912591
11004,0.07071024101900165,0.41795807341729113,0.5113316855637072,0.097287888
11429,0.11018200469388707,0.5192806851209997,0.3705373101851132,0.091097863
11411,0.10915099382806046,0.5884725664576955,0.30237643971424405,0.10213061
10004,0.016305670479435385,0.09479192017522511,0.8889024093453395,0.013412178
10002,0.34003801338732337,0.3269151309809107,0.33304685563176595,0.34022678
10005,0.019775280898876403,0.09812734082397004,0.8820973782771535,0.013202021999999999
10038,0.2698138609225006,0.20592367127136502,0.5242624678061344,0.226656291
10006,0.004319654427645789,0.06884449244060475,0.9268358531317494,0.0
10007,0.11692426253371581,0.0980434131095603,0.7850323243567239,0.105386836
10009,0.11515621537779748,0.28903168623975184,0.5958120983824507,0.174443075
10013,0.1655891910381392,0.14099538224730632,0.6934154267145545,0.152768976
10003,0.03314413136022704,0.1484694911818366,0.8183863774579363,0.07662358
10012,0.1047106824925816,0.15304154302670622,0.7422477744807122,0.11642318300000001
10014,0.020429853566367503,0.17391946150212564,0.8056506849315068,0.057398652
10010,0.03591491813511308,0.15059778172564459,0.8134873001392423,0.096999178
10011,0.04287891950367979,0.17433493419003754,0.7827861463062826,0.064376485
10016,0.03196006324503899,0.1707260743662172,0.7973138623887438,0.091933561
10001,0.06644053323212676,0.21144266805825704,0.7221167987096162,0.088225644
10017,0.021487668895458424,0.14212019602785658,0.836392135076685,0.0501923
10018,0.06688304161353889,0.1862176886519068,0.7468992697345543,0.043443085
10036,0.06786210636927562,0.1996542490085082,0.7324836446222162,0.10739117699999999
10022,0.017464148800227175,0.14884755549245113,0.8336882957073217,0.068709719
10019,0.04814373161618571,0.21915891565307258,0.7326973527307417,0.10562528300000001
10021,0.012357398890289212,0.17991063391001194,0.8077319671996989,0.055218264
10065,0.011816040468007877,0.16557902459744372,0.8226049349345484,0.074077141
10075,0.015583709587303506,0.17496942150008304,0.8094468689126134,0.053839015
10028,0.01351932039797706,0.14425015700922222,0.8422305225928007,0.046510957
10128,0.03429322278565348,0.15778953991931005,0.8079172372950365,0.085396582
10023,0.02414126991941969,0.15567918861700555,0.8201795414635747,0.066543563
10069,0.047179050457738986,0.18032786885245902,0.772493080689802,0.08951189
10029,0.24526138065050493,0.4090185084896945,0.3457201108598006,0.24413422699999998
10024,0.0464217575828369,0.1713584861581591,0.782219756259004,0.080235155
10025,0.09107698944445193,0.21847153507057254,0.6904514754849755,0.112628271
10035,0.28490886853801867,0.43686424246040034,0.278226889001581,0.299390508
10026,0.17489751627682662,0.3658066071859175,0.45929587653725584,0.186687248
10027,0.14655954886927638,0.3672775728549082,0.48616287827581545,0.19665210600000002
10037,0.15246913580246912,0.45366255144032924,0.39386831275720163,0.20912209199999998
10031,0.24549939495485432,0.4044121753700084,0.3500884296751373,0.191958885
10039,0.18569699808720772,0.506343443806847,0.3079595581059453,0.190397029
10030,0.18829277763396324,0.4444732073517991,0.36723401501423764,0.18479957
10032,0.2951589195682066,0.3886456670512557,0.3161954133805377,0.203329344
10044,0.05906853464596744,0.20863309352517986,0.7322983718288527,0.077016007
10033,0.2700014181810815,0.3500273506351425,0.379971231183776,0.17662407
10040,0.25569762051915945,0.3704998454882571,0.37380253399258345,0.150312646
10034,0.24101503549270584,0.3875971158683137,0.3713878486389805,0.156899271
10280,0.01695211464522894,0.11438308283816848,0.8686648025166026,0.010937456000000002
10282,0.02230971128608924,0.13937007874015747,0.8383202099737532,0.0
11101,0.1470288474320911,0.3781628040944742,0.47480834847343467,0.139634929
11109,0.018553413538193942,0.16698072184374546,0.8144658646180606,0.01
11421,0.23523618920550207,0.5313701197623812,0.23339369103211666,0.12547662
11418,0.17659014513901555,0.4869062198712771,0.33650363498970737,0.140286059
11416,0.23615342551363175,0.5494492617764237,0.21439731270994453,0.119384638
11106,0.1343168731923475,0.35768302067025765,0.5080001061373949,0.135977953
11417,0.22843243243243244,0.5225945945945946,0.24897297297297297,0.115986561
11103,0.1347898047004303,0.37420280260399424,0.4910073926955754,0.129682826
11414,0.13837176993609335,0.5821987589145133,0.27942947114939337,0.14334391400000002
11102,0.1293819115942483,0.35287115065317504,0.5177469377525766,0.12163499300000001
11419,0.2881872018029682,0.5160277158407058,0.19578508235632597,0.136156039
11420,0.26063806380638066,0.5416501650165017,0.19771177117711772,0.120575701
11105,0.12956018720386037,0.40237202406906775,0.4680677887270719,0.132972451
11415,0.09624282805848602,0.43341662039607626,0.47034055154543775,0.135717974
11377,0.20471482098251456,0.4740528726061615,0.3212323064113239,0.149987324
11104,0.17797574445647046,0.43021674576083035,0.3918075097826992,0.148591382
11436,0.1915767167737236,0.6063174624197073,0.2021058208065691,0.15229073099999998
11434,0.13592303635404732,0.6401331223743794,0.22394384127157327,0.228092911
11435,0.22718371235511017,0.5100827437765741,0.26273354386831566,0.174948993
11378,0.14035378845707078,0.5793700839666789,0.28027612757625037,0.133776426
11433,0.24290476036374228,0.5843176596226659,0.17277758001359178,0.241084103
11432,0.19979465258570112,0.4445771519570866,0.3556281954572123,0.16940652399999998
11372,0.23215821152192606,0.489379319129964,0.2784624693481099,0.16470341
11373,0.2356877973254754,0.48873128644383124,0.27558091623069336,0.15699961099999998
11413,0.10929675169040706,0.6291432023227265,0.26156004598686644,0.143561307
11369,0.24167684167684167,0.5807081807081808,0.1776149776149776,0.181059589
11412,0.135069069410494,0.6250639531578648,0.23986697743164118,0.173110555
11368,0.37186979964055117,0.4996871463755575,0.12844305398389136,0.196405477
11367,0.16586017515214488,0.4713077037256939,0.3628321211221612,0.165446806
11375,0.06963796253997259,0.3435358611238008,0.5868261763362266,0.117996449
11423,0.16123954443038366,0.5215284422358715,0.31723201333374484,0.136770529
11427,0.13600216574735202,0.5341951203004974,0.3298027139521505,0.12690797199999998
11428,0.1598354119485822,0.6086568211540302,0.23150776689738764,0.115612091
11374,0.09569426855672208,0.42132031537236,0.48298541607091794,0.150020028
11379,0.12446120689655173,0.5467332123411979,0.32880558076225047,0.1429292
11385,0.16965687373850638,0.5650120854202487,0.2653310408412449,0.172750632
11426,0.10056607111268354,0.5176454979656819,0.3817884309216345,0.10682690199999999
11422,0.10781364882026602,0.6138961299378384,0.2782902212418956,0.11648197099999999
11366,0.11065624612330976,0.4300955216474383,0.45924823222925193,0.11182363199999999
11355,0.29756362507759154,0.5074617214980344,0.1949746534243741,0.25820005100000004
11354,0.25953796012269936,0.535467791411043,0.20499424846625766,0.24661115
11357,0.18467447306791568,0.4776018735362998,0.33772365339578453,0.139421043
11356,0.22677850264057162,0.5731593662628145,0.20006213109661386,0.202525281
11697,0.024720893141945772,0.46850079744816586,0.5067783094098883,0.121377551
11694,0.07886641795929053,0.46095948687741345,0.46017409516329605,0.156591762
11693,0.14505208333333333,0.5797743055555555,0.2751736111111111,0.179829425
11692,0.22605261990327877,0.5426150228492834,0.23133235724743778,0.19521492399999998
11691,0.25068699371550096,0.49246099070467636,0.2568520155798227,0.21880734899999998
11360,0.07342860462414313,0.3997327756477286,0.5268386197281283,0.106018559
11358,0.16393370650861597,0.5140818790473054,0.3219844144440786,0.1469707
11361,0.12300729532558768,0.4543704404215077,0.4226222642529046,0.09249215599999999
11365,0.14666773953450946,0.4906559916316308,0.3626762688338597,0.14388061800000002
11364,0.12024324324324324,0.4536216216216216,0.4261351351351351,0.088884164
11362,0.08794676151683782,0.4621651081406689,0.44988813034249325,0.141109598
11363,0.04953728905824714,0.42133913990201416,0.5291235710397387,0.12632317099999998
10301,0.11304056146145113,0.4923366704510269,0.39462276808752195,0.19238614399999998
10304,0.14768669360093836,0.5109083800338851,0.3414049263651766,0.23635852899999998
10305,0.13541165142031777,0.5350505536831969,0.3295377948964853,0.171909344
10310,0.11984065054006325,0.4926691034539406,0.38749024600599613,0.182305136
10306,0.10293688814830243,0.5832118308685691,0.31385128098312853,0.152310099
10308,0.06406740459276392,0.5841400958202544,0.35179249958698167,0.10484006900000001
10302,0.13940112399016508,0.5767035475939586,0.28389532841587634,0.18464672199999999
10312,0.06860248171291497,0.5938786389078095,0.3375188793792756,0.10106248300000001
10314,0.09731886183631563,0.5552361396303901,0.34744499853329425,0.119923364
10307,0.07338291937840351,0.5655465533271351,0.36107052729446143,0.115211484
10309,0.07559419014084508,0.573090889084507,0.3513149207746479,0.118634364
10303,0.18956709673194053,0.5638221232562709,0.2466107800117886,0.21810822800000002
